0.194912
0.136946
0.001330
0.074108
0.019349
0.813958
1.740113
0.002894
0.003954
0.854978
2.097078
0.001863
0.010130
0.394184
0.424605
0.194124
0.134050
0.001180
0.073290
0.018791
0.813977
2.223357
0.002519
0.004134
0.842054
2.072168
0.001830
0.009979
0.421455
0.423515
0.193172
0.133429
0.001353
0.192699
0.013367
0.023207
0.001476
0.013574
0.007660
0.624184
0.582171
0.002036
0.010831
0.092803
0.271169
0.001604
0.008861
0.041251
0.023182
0.013343
0.023070
0.001233
0.013644
0.007861
0.586737
0.584216
0.001903
0.003402
0.094534
0.279680
0.001529
0.008526
0.040860
0.022416
0.013732
0.024131
0.001283
0.013921
0.007437
0.599493
0.605604
0.001664
0.003580
0.090647
0.273546
0.001661
0.007930
0.039727
0.023878
0.013250
0.022780
0.000974
0.013233
0.007609
0.585836
0.579887
0.001595
0.003126
0.089768
0.274346
0.001302
0.007861
0.041172
0.022247
0.013541
0.023559
0.001430
0.013491
0.007748
0.579830
0.014230
0.023103
0.001247
0.013983
0.007534
0.611328
0.597028
0.001698
0.003890
0.090587
0.267306
0.001612
0.008522
0.041190
0.022621
0.013322
0.024086
0.001282
0.013781
0.007977
0.586167
0.599595
0.001708
0.003433
0.091262
0.271984
0.001507
0.008492
0.040689
0.022138
0.198105
0.132065
0.001601
0.067147
0.019238
0.831444
1.977713
0.002409
0.004169
0.836837
2.092135
0.002000
0.009321
0.397466
0.423798
0.195033
0.132410
0.001425
0.067321
0.019492
0.281712
0.279734
0.188635
0.001648
0.167705
0.027570
0.780630
2.692366
0.003455
0.004504
2.761810
6.742693
0.001709
0.011156
1.190349
0.632672
0.278194
0.195865
0.001366
0.174028
0.027258
0.777755
2.238963
0.003019
0.004179
2.853030
7.043163
0.001792
0.010785
1.200206
0.618844
